0	1.38052
1.03574	9.4171
1.02434	-4.40701
5.40134	0.9293
-0.241085	0.185978
-4.78877	-0.788505
2.33499	-1.61757
-8.62517	4.81031
-7.19876	0.373339
-7.75779	-1.3633
-6.3885	3.14159
9.06844	1.06915
-3.89751	0.175703
5.38208	1.23158
8.46628	5.87429
-1.96325	9.61397
8.32051	-2.07161
-4.18451	-4.13535
-5.04021	-6.9524
0.583608	0.507166
-6.60469	-7.09171
-7.91256	-1.85936
-5.87254	-4.69321
-4.50861	0.494418
7.33813	-0.955938
-4.70944	-9.35484
5.42139	1.07617
9.03564	-4.93432
-3.10947	0.577898
9.00878	-9.97718
-2.2681	-7.67271
2.02014	-7.21816
-8.36054	-9.63808
3.40215	-4.76048
4.60009	-4.94212
2.29636	-4.69698
2.05928	-6.95867
3.34204	5.45111
-8.09153	6.60866
-2.99151	6.5768
4.89191	-4.82794
-9.2913	6.52704
-0.057838	7.87931
1.62742	-6.94042
-5.96944	1.18726
-9.59842	-5.02148
6.8088	3.19312
1.16251	-1.47081
-3.79405	-1.76335
2.69236	-4.62074
-8.52208	3.70945
-7.9359	-5.10592
-4.39908	-6.73942
-8.98489	-1.29636
-0.974525	8.9342
1.21379	-4.65231
-4.13597	-9.66781
1.74755	-3.65158
9.84084	6.85593
-5.8318	5.60924
-7.30252	9.28844
7.44374	5.34528
7.62804	6.21427
-9.55686	9.134
-7.00083	4.85049
4.57332	7.14611
5.3924	0.578335
-4.78542	-2.80462
3.89586	8.39324
8.81163	3.10558
-0.803516	8.28094
-7.60575	-1.50091
9.33104	-5.90746
7.66133	8.41266
1.25762	0.563335
0.765835	-7.91744
6.51591	-9.64732
-4.20284	6.29181
7.2672	-6.51014
-9.05157	4.97719
-6.43205	1.32203
0.696455	-3.25331
8.53536	1.49914
2.57999	-9.09501
-6.14984	-7.4619
-1.68553	-2.71175
-0.313657	-0.700885
6.94139	3.97937
8.58612	-4.82469
6.33055	8.97342
7.97975	6.22489
8.4036	4.17836
-9.3617	-5.43902
2.2762	-8.48126
-8.61062	1.31171
5.6027	-6.56293
-4.91445	6.49491
-4.59897	8.19665
-0.325903	-0.275941
-4.17572	-7.38886
-6.01732	4.74549
-1.50485	-7.86658
-4.76539	-7.45936
3.87773	7.58089
-8.24809	0.35802
2.20423	-1.71431
3.87019	4.39171
0.640802	-2.73934
1.27173	-8.36529
-9.69669	3.46529
-2.32099	-8.60227
-5.88676	7.79797
-6.36574	6.92452
4.32827	1.67062
-9.83059	-2.42003
-0.0353158	2.03641
0.15409	7.18059
9.3462	-1.38121
3.00951	6.1222
3.10038	-1.77931
-0.134082	0.169988
4.74716	-5.4075
8.10086	2.91706
9.00501	-5.95868
6.86671	0.353247
2.59136	7.72136
8.01718	-9.10889
-8.93155	-1.11991
5.50975	4.43226
-4.5949	8.69822
9.85545	5.23722
-7.22967	-6.58425
3.53502	4.13753
-9.71903	-8.16061
1.79567	8.46174
8.318	2.2516
-0.632839	2.49458
-1.73092	3.05453
-2.0874	7.69826
-8.82963	-6.71685
1.43305	-9.80963
-4.23199	0.202166
7.28352	-3.94754
-9.03436	-5.17
-6.29691	-8.58723
-1.36005	8.28452
-0.602067	-1.92295
1.071	-0.772964
-1.03037	-7.49791
-5.56973	9.24717
4.46625	3.09919
8.74279	-2.07182
-0.528049	5.71281
-7.04262	6.94056
7.5177	6.22324
9.00883	-4.16691
7.60098	-7.00116
4.55982	3.83846
2.45438	-3.42481
-7.55381	-2.70402
-1.55356	5.75558
-5.2297	-5.64485
-1.28715	-9.72982
3.45606	1.50396
4.53636	8.31539
-6.46707	5.95059
9.71974	-9.80015
5.3388	3.50102
5.502	-9.90738
1.53083	6.34157
4.55004	-2.17118
6.87682	-2.83275
2.84587	2.88855
0.980732	3.14707
-3.53886	2.94608
-1.6866	-9.54178
9.79551	-4.21565
9.847	3.27724
-0.856294	-5.59281
5.06848	-4.92157
-1.63564	-9.24033
-6.941	6.55501
-6.24877	-4.67455
0.654154	-7.81428
-2.92963	0.645553
6.46745	1.32618
-9.49235	-7.222
-9.50534	1.73203
-5.23639	-7.3951
-6.81923	-2.63978
-6.93409	-4.63121
-2.72002	6.18361
0.105608	3.025
-5.30844	-0.231013
-7.15862	8.74323
-6.18958	-6.14309
3.98012	6.44832
-4.45346	-4.71875
8.0616	-0.330016
-2.97079	-3.54699
3.75552	5.21266
-4.26959	-7.97792
0.972425	-6.80782
2.18005	6.89773
3.90761	-2.04683
9.828	-3.32178
4.69045	4.72355
-2.69675	0.728566
-1.43785	0.226738
1.09778	-8.45463
-2.12723	7.69408
-4.0624	9.45894
7.02389	-6.72999
3.54174	-2.26135
1.95401	4.01276
3.42661	-5.14941
-2.40763	-2.56962
-1.37384	9.78687
6.73124	-6.82951
6.97371	-9.7479
-5.20844	9.98761
-5.4663	-0.991014
-9.97874	1.35871
-4.60241	9.18842
8.21815	6.44873
-5.85076	-1.95233
-9.0842	6.85581
-0.508048	0.197025
-9.83883	-2.11903
-3.86661	-6.85154
-0.568212	-0.502423
-0.490521	8.15633
-6.4355	8.64178
5.11423	-1.96272
5.02558	4.36353
6.85893	-4.385
1.83635	7.303
8.61917	6.49294
-3.36595	-8.22838
-3.97815	-6.35888
-8.88925	2.1517
2.26749	6.4639
-1.68309	-0.947881
4.98146	-6.02227
-1.95512	8.15859
-5.43617	7.09067
-0.835636	-4.26117
-3.35608	9.19188
-9.36806	-6.1897
-9.62977	4.76486
-7.99122	4.34874
-9.4802	1.44099
3.15363	1.77456
6.97066	3.75362
-3.59019	-4.98864
7.62497	-2.34796
-9.45811	2.54322
-1.27018	-4.5979
3.2852	-9.19712
-2.14572	-2.62874
8.46288	5.796
7.60552	2.01577
0.514299	-2.11124
-7.56413	6.41878
7.0416	3.40902
4.01164	7.19044
-5.09031	2.3991
3.05802	-8.80383
-7.83172	-6.85122
2.04279	-2.36591
2.95773	8.73989
-4.53859	3.95599
4.86135	5.60559
0.265785	2.82871
1.77092	-5.94497
5.13398	6.03979
-6.40023	-6.68714
-3.75429	-2.078
3.81448	5.92801
-1.6622	6.82352
-1.92537	-9.09684
0.824213	-5.46398
1.66546	6.4366
1.29591	0.919518
8.51397	-3.03965
-2.40967	5.24124
2.85367	7.03336
-7.21315	4.65054
8.67095	-7.80589
9.09603	-0.454824
1.29774	-5.93548
2.22667	0.91013
7.65723	-4.69746
6.58145	9.34769
0.0552184	-1.90282
1.75869	5.40964
7.57664	9.08363
8.29061	-8.02441
4.31402	-4.47297
-7.75643	7.8341
-3.70899	0.365523
7.50495	3.17247
7.21832	-7.49088
4.84363	-3.44097
3.52082	-9.16661
-2.51999	9.75606
-7.49469	-1.79595
-4.23667	-9.09667
-9.09482	-0.227844
7.78199	-4.12094
8.25834	-9.57375
-5.39039	-6.30527
-7.8907	-3.45083
0.162873	3.91316
-4.4523	1.70573
9.84307	5.31531
-0.693976	1.61555
-6.50343	4.49325
-9.31456	-6.86033
1.13078	4.7262
1.68174	-4.74015
2.72095	-6.36828
5.63332	7.08753
-3.07816	-7.35648
2.15999	-6.29106
0.232825	-0.606908
4.77716	9.95933
7.19204	-3.47015
-6.10086	-6.78708
-6.83112	1.11085
7.00135	7.16324
-3.37235	-6.42308
6.99777	3.92676
-9.91682	0.485707
-9.80529	-6.66973
2.7157	-9.41861
8.51416	8.40661
-0.614575	-2.11345
-6.23152	1.75339
-6.9533	0.863646
-2.51099	-7.95885
-9.81569	7.53014
-9.85022	-7.80723
-2.93499	-4.16384
-6.14912	-5.39741
-7.99745	-7.57866
-9.76663	-9.00322
8.30768	8.9706
-3.54733	-0.597905
-7.60063	-5.14368
-6.58368	-3.10799
8.38272	5.31145
-0.271297	1.75225
9.89627	-9.0891
-7.49484	1.17745
-1.75822	5.96288
-8.03325	2.72739
-4.80177	6.68384
-4.74034	7.74734
9.69145	9.4815
2.39566	7.3406
-5.30677	1.09192
2.47267	5.52295
5.22385	-4.72396
-6.78786	4.10436
-1.85302	2.85067
9.5037	-3.2497
-5.79426	0.859016
-7.43466	-3.70594
-2.52766	5.33746
-4.19279	2.52329
-8.27869	-0.496889
-2.07209	5.57251
-2.76933	2.32149
8.65002	-6.34384
-4.40377	7.43134
-5.01528	-5.06983
-5.14295	-4.70702
9.20382	-0.521027
-1.41717	-7.88822
4.10422	-2.90077
6.96835	0.61136
6.7737	-2.66441
-1.81818	-1.5139
-5.95409	-2.68005
-0.231259	-0.926268
8.89198	-0.683791
-3.34243	-1.76914
0.531695	1.56105
-5.62461	2.9898
-5.54406	5.67537
-8.02954	0.517597
2.45789	0.617621
-5.89907	-4.40079
-4.40761	4.84662
6.88581	2.65905
-1.63941	0.537986
-9.13773	-5.7626
3.33084	2.49198
9.4239	-4.11447
-7.75447	3.63671
